144.4576873779297
65.59831237792969
45.970916748046875
35.88055419921875
32.182865142822266
28.029951095581055
27.008712768554688
26.217687606811523
25.9104061126709
25.558652877807617
25.35299301147461
25.191377639770508
25.070863723754883
24.93248748779297
24.41512107849121
24.116403579711914
23.99715805053711
23.735000610351562
23.504148483276367
23.2612361907959
23.341747283935547
23.10394859313965
23.230180740356445
22.755104064941406
22.489702224731445
22.475954055786133
22.132225036621094
22.052797317504883
22.029342651367188
21.839269638061523
21.692272186279297
21.535303115844727
21.451488494873047
21.4473876953125
21.16510581970215
21.139341354370117
20.947006225585938
21.029541015625
21.135656356811523
20.76724624633789
20.625465393066406
20.624731063842773
20.671371459960938
20.684112548828125
20.391407012939453
20.342758178710938
20.56836700439453
20.121265411376953
20.108978271484375
20.020362854003906
19.90379524230957
19.952417373657227
19.83700942993164
19.91927719116211
19.65264129638672
19.807680130004883
19.927730560302734
19.60796546936035
19.79534149169922
19.60357666015625
19.560129165649414
19.491249084472656
19.456809997558594
19.580129623413086
19.246192932128906
19.17012596130371
19.23541831970215
19.181194305419922
19.077646255493164
19.126558303833008
18.978229522705078
19.150102615356445
19.00826072692871
18.9703369140625
18.93262481689453
19.12754249572754
18.934900283813477
18.807615280151367
18.819961547851562
18.836437225341797
18.63408660888672
18.692506790161133
18.71836280822754
18.529722213745117
18.578460693359375
18.551002502441406
18.404308319091797
18.618942260742188
18.610225677490234
18.55126953125
18.581926345825195
18.463693618774414
18.47835350036621
18.51576805114746
18.424396514892578
18.4610652923584
18.433773040771484
18.865934371948242
18.47298812866211
18.610708236694336
18.747194290161133
18.499685287475586
18.60985565185547
18.538572311401367
18.587297439575195
18.368938446044922
18.47589874267578
18.41761016845703
18.185184478759766
18.33917999267578
18.444358825683594
18.312211990356445
18.33017921447754
18.32415008544922
18.31431007385254
18.290315628051758
18.298757553100586
18.144222259521484
18.276514053344727
18.21732521057129
18.29958724975586
18.08506965637207
18.14389991760254
17.97479820251465
17.966257095336914
18.081663131713867
17.955453872680664
18.041933059692383
17.945798873901367
18.133455276489258
18.046632766723633
17.99962615966797
17.941566467285156
18.014076232910156
17.899057388305664
17.915590286254883
18.01250648498535
17.86377716064453
17.81853675842285
18.058801651000977
17.971336364746094
17.78168487548828
17.723695755004883
17.78337860107422
17.891529083251953
17.809810638427734
17.996484756469727
18.218597412109375
18.040525436401367
17.82305908203125
17.8823299407959
17.91134262084961
17.818864822387695
17.74809455871582
17.746931076049805
17.743135452270508
17.950761795043945
17.994892120361328
17.82362174987793
17.83181381225586
17.752273559570312
18.12291717529297
18.199026107788086
17.841035842895508
17.922130584716797
17.87491226196289
17.88962173461914
17.767969131469727
17.773664474487305
17.714040756225586
17.841552734375
17.7573299407959
17.644487380981445
17.636106491088867
17.59976577758789
17.6187686920166
17.650400161743164
17.706035614013672
17.770305633544922
17.556554794311523
17.762224197387695
17.799964904785156
17.62936782836914
17.630054473876953
17.59217071533203
17.56468963623047
17.567596435546875
17.504423141479492
17.60739517211914
17.566791534423828
17.480972290039062
17.605138778686523
17.559955596923828
17.56340980529785
17.713254928588867
17.555017471313477
17.55875587463379
17.449234008789062
17.50612449645996
17.644119262695312
17.692169189453125
17.501249313354492
17.484376907348633
17.79821014404297
17.636486053466797
17.666704177856445
17.47930908203125
17.609844207763672
17.62452507019043
17.583059310913086
17.3399658203125
17.34065818786621
17.374950408935547
17.555150985717773
17.297780990600586
17.528993606567383
17.267959594726562
17.27904510498047
17.347522735595703
17.303775787353516
17.410152435302734
17.23824119567871
17.21917152404785
17.21047019958496
17.200929641723633
17.27030372619629
17.24300765991211
17.200651168823242
17.20769500732422
17.18719482421875
17.17154312133789
17.136812210083008
17.098190307617188
17.146343231201172
17.297527313232422
17.25840950012207
17.328969955444336
17.20255470275879
17.22128677368164
17.294879913330078
17.315914154052734
17.322641372680664
17.427371978759766
17.389751434326172
17.29798698425293
17.403589248657227
17.254894256591797
17.448095321655273
17.628929138183594
17.347692489624023
17.43187713623047
17.3313045501709
17.61408805847168
17.404603958129883
17.170513153076172
17.44713020324707
17.400564193725586
17.47941017150879
17.447185516357422
17.3095703125
17.301395416259766
17.415376663208008
17.253053665161133
17.20871353149414
17.210603713989258
17.266651153564453
17.285009384155273
17.192384719848633
17.44632339477539
17.54144287109375
17.2634334564209
17.100351333618164
17.24267578125
17.040950775146484
17.13180160522461
17.405691146850586
17.17017936706543
17.241924285888672
17.17279624938965
17.16684913635254
17.29574966430664
17.171852111816406
17.124652862548828
17.23077392578125
17.146602630615234
17.020301818847656
17.10344886779785
17.26364517211914
17.004470825195312
17.349470138549805
17.031307220458984
16.985803604125977
17.09954261779785
17.406051635742188
17.239397048950195
17.080997467041016
17.3782958984375
17.271024703979492
17.204944610595703
17.088748931884766
17.102787017822266
17.073810577392578
17.04046058654785
17.024667739868164
17.048742294311523
17.20370101928711
17.07363510131836
16.9720401763916
16.9375057220459
17.013599395751953
17.095535278320312
16.836572647094727
16.931886672973633
17.090028762817383
17.094301223754883
16.86640167236328
16.902420043945312
16.674848556518555
16.907608032226562
16.80284881591797
16.95797348022461
17.037601470947266
17.101686477661133
17.098167419433594
16.94110107421875
16.846694946289062
16.855192184448242
16.87029266357422
16.735260009765625
16.805526733398438
16.827606201171875
16.75463104248047
16.826026916503906
16.5738525390625
16.727598190307617
16.696781158447266
16.96034812927246
16.726953506469727
16.79865837097168
16.702350616455078
16.781137466430664
16.777591705322266
16.69129753112793
16.809764862060547
16.655473709106445
16.64400291442871
16.608070373535156
16.75124168395996
16.517642974853516
16.754758834838867
16.533008575439453
16.594818115234375
16.657142639160156
16.726139068603516
16.631271362304688
16.655412673950195
16.56827735900879
16.935806274414062
16.560672760009766
16.616867065429688
16.621536254882812
16.543367385864258
16.504606246948242
16.697662353515625
16.579853057861328
16.63852882385254
16.47783660888672
16.39596176147461
16.325267791748047
16.661808013916016
16.40148162841797
16.43642234802246
16.508024215698242
16.4121150970459
16.48357582092285
16.46189308166504
16.443078994750977
16.376497268676758
16.322975158691406
16.448339462280273
16.388389587402344
16.47170066833496
16.44839096069336
16.39655113220215
16.41012191772461
16.491024017333984
16.553815841674805
16.5841121673584
16.511354446411133
16.56612777709961
16.506183624267578
16.402271270751953
16.362253189086914
16.54816246032715
16.551563262939453
16.501571655273438
16.209333419799805
16.76049041748047
16.427753448486328
16.68440055847168
16.648998260498047
16.56317138671875
16.579017639160156
16.41598892211914
16.495054244995117
16.550413131713867
16.499713897705078
16.453048706054688
16.470914840698242
16.50860595703125
16.573244094848633
16.4510440826416
16.555025100708008
16.52576446533203
16.328596115112305
16.33344268798828
16.327573776245117
16.505525588989258
16.33453941345215
16.365741729736328
16.423471450805664
16.351774215698242
16.565290451049805
16.238168716430664
16.286867141723633
16.341089248657227
16.50006103515625
16.476715087890625
16.394634246826172
16.29825210571289
16.32640266418457
16.234134674072266
16.230709075927734
16.312740325927734
16.30635643005371
16.1674747467041
16.324691772460938
16.17743682861328
16.373205184936523
16.365066528320312
16.250064849853516
16.215450286865234
16.372480392456055
16.099693298339844
16.14312171936035
16.319562911987305
16.240880966186523
16.137197494506836
16.0821590423584
16.077892303466797
16.171005249023438
16.153972625732422
16.129976272583008
16.199739456176758
16.079017639160156
16.081247329711914
16.130084991455078
16.04387664794922
16.01060676574707
16.060264587402344
16.02910041809082
15.953902244567871
16.308496475219727
16.19346046447754
16.022994995117188
15.998181343078613
16.15587043762207
16.121793746948242
16.077213287353516
16.04633903503418
16.187952041625977
16.098119735717773
16.08562469482422
16.035396575927734
16.010616302490234
16.013286590576172
16.191905975341797
16.08756446838379
15.97415542602539
16.052398681640625
16.12220573425293
16.239171981811523
16.008222579956055
16.149858474731445
16.083349227905273
16.171497344970703
16.145177841186523
16.05713653564453
15.99879264831543
16.084056854248047
15.963829040527344
15.882655143737793
16.32368278503418
16.192331314086914
16.05049705505371
16.077409744262695
15.916837692260742
16.092554092407227
15.956536293029785
15.942989349365234
15.897387504577637
15.916613578796387
16.123350143432617
16.009302139282227
16.02296257019043
16.161344528198242
16.20534896850586
16.129928588867188
16.03667640686035
15.991008758544922
16.08759117126465
16.118934631347656
16.014999389648438
16.019041061401367
15.981009483337402
16.054800033569336
16.094221115112305
16.075035095214844
15.975506782531738
16.03438377380371
16.18031883239746
16.19404411315918
16.117929458618164
16.150348663330078
16.21710205078125
16.14891242980957
16.031946182250977
16.055082321166992
16.146570205688477
16.164953231811523
16.270050048828125
16.499095916748047
16.323930740356445
16.198841094970703
16.178003311157227
16.14534568786621
16.145841598510742
16.023653030395508
16.07858657836914
15.973855972290039
16.055994033813477
16.083524703979492
16.125715255737305
16.059049606323242
15.937026977539062
15.86103343963623
15.874483108520508
15.81808853149414
15.834892272949219
15.640974044799805
15.719941139221191
15.703374862670898
15.823288917541504
15.88219165802002
15.714888572692871
15.745369911193848
15.669881820678711
15.637452125549316
15.634233474731445
15.75214672088623
15.678292274475098
15.640443801879883
15.68465805053711
15.600412368774414
15.570829391479492
15.608138084411621
15.671058654785156
15.598761558532715
15.560558319091797
15.528087615966797
15.587547302246094
15.673330307006836
15.709670066833496
15.606162071228027
15.663899421691895
15.612468719482422
15.549783706665039
15.606057167053223
15.706466674804688
15.59658145904541
15.558046340942383
15.523407936096191
15.60737419128418
15.513952255249023
15.622928619384766
15.604586601257324
15.53136920928955
15.620098114013672
15.6155424118042
15.549385070800781
15.535043716430664
15.564207077026367
15.588726043701172
15.596138954162598
15.6082181930542
15.819133758544922
15.564153671264648
15.44150161743164
15.602119445800781
15.569025039672852
15.602959632873535
15.565861701965332
15.610660552978516
15.55197525024414
15.693635940551758
15.468084335327148
15.516375541687012
15.533092498779297
15.59335994720459
15.499918937683105
15.491893768310547
15.519810676574707
15.581308364868164
15.620987892150879
15.454028129577637
15.45327377319336
15.43905258178711
15.54992961883545
15.672337532043457
15.515289306640625
15.601892471313477
15.530126571655273
15.46770191192627
15.494390487670898
15.545694351196289
15.733701705932617
15.48561954498291
15.430130004882812
15.537755966186523
15.569782257080078
15.430145263671875
15.40828800201416
15.51928424835205
15.478930473327637
15.792333602905273
15.398909568786621
15.587084770202637
15.534732818603516
15.58438491821289
15.513087272644043
15.501752853393555
15.611000061035156
15.370034217834473
15.412481307983398
15.645445823669434
15.456592559814453
15.361322402954102
15.384087562561035
15.630758285522461
15.461322784423828
15.65604019165039
15.496648788452148
15.442858695983887
15.706589698791504
15.515740394592285
15.365662574768066
15.463506698608398
15.448835372924805
15.467130661010742
15.522638320922852
15.337958335876465
15.520418167114258
15.689702987670898
15.572588920593262
15.391254425048828
15.53695297241211
15.481728553771973
15.434815406799316
15.605117797851562
15.501434326171875
15.298308372497559
15.401434898376465
15.337297439575195
15.380330085754395
15.38621997833252
15.399385452270508
15.539718627929688
15.528345108032227
15.349489212036133
15.446388244628906
15.363483428955078
15.441060066223145
15.438441276550293
15.396841049194336
15.580058097839355
15.280471801757812
15.321371078491211
15.392873764038086
15.49247932434082
15.318904876708984
15.516707420349121
15.31164264678955
15.440526962280273
15.368592262268066
15.404702186584473
15.3566255569458
15.40900993347168
15.365041732788086
15.490470886230469
15.447684288024902
15.466256141662598
15.363324165344238
15.40338134765625
15.609204292297363
15.361307144165039
15.66673469543457
15.483161926269531
15.385686874389648
15.345609664916992
15.394411087036133
15.41641616821289
15.561460494995117
15.366348266601562
15.783514022827148
15.334943771362305
15.512672424316406
15.349992752075195
15.341070175170898
15.595787048339844
15.424769401550293
15.548294067382812
15.487022399902344
15.471027374267578
15.440237998962402
15.393889427185059
15.454940795898438
15.305761337280273
15.316883087158203
15.379850387573242
15.283773422241211
15.588013648986816
15.411660194396973
15.391544342041016
15.365987777709961
15.537918090820312
15.304819107055664
15.323776245117188
15.27440071105957
15.3201265335083
15.378844261169434
15.327949523925781
15.296492576599121
15.276168823242188
15.344770431518555
15.363509178161621
15.419537544250488
15.345733642578125
15.299654006958008
15.362618446350098
15.36180305480957
15.456411361694336
15.354447364807129
15.478859901428223
15.299395561218262
15.391265869140625
15.334898948669434
15.409692764282227
15.33185863494873
15.552597999572754
15.308287620544434
15.333526611328125
15.497781753540039
15.306416511535645
15.386862754821777
15.362488746643066
15.371809005737305
15.264182090759277
15.27890682220459
15.264386177062988
15.397077560424805
15.378218650817871
15.453303337097168
15.429008483886719
15.291464805603027
15.246016502380371
15.363926887512207
15.339442253112793
15.27881908416748
15.30412483215332
15.245172500610352
15.279906272888184
15.290118217468262
15.387449264526367
15.505309104919434
15.485074043273926
15.284100532531738
15.3403959274292
15.343217849731445
15.483970642089844
15.510579109191895
15.339941024780273
15.309370994567871
15.27492618560791
15.337719917297363
15.447282791137695
15.368234634399414
15.30068588256836
15.271109580993652
15.334395408630371
15.413183212280273